11 0.91328125 0.21484375 0.1734375 0.2546875
11 0.76484375 0.1796875 0.23125 0.25
11 0.60546875 0.1296875 0.2109375 0.221875
11 0.43828125 0.10078125 0.2140625 0.2015625
11 0.2953125 0.06953125 0.196875 0.1390625
11 0.884375 0.42890625 0.23125 0.3078125
11 0.71328125 0.4 0.2328125 0.2515625
11 0.55234375 0.3390625 0.2109375 0.2859375
11 0.3953125 0.26484375 0.2453125 0.275
11 0.22265625 0.21953125 0.2390625 0.271875
11 0.86171875 0.665625 0.2765625 0.315625
11 0.6640625 0.61796875 0.2578125 0.3125
11 0.478125 0.58359375 0.2421875 0.296875
11 0.321875 0.46953125 0.2359375 0.25625
11 0.15703125 0.4390625 0.234375 0.2609375
11 0.77109375 0.88515625 0.2796875 0.2296875
11 0.54765625 0.85703125 0.2828125 0.2859375
11 0.33046875 0.82109375 0.2421875 0.278125
11 0.19453125 0.6734375 0.29375 0.2859375