11 0.05703125 0.4671875 0.1140625 0.2875
11 0.12578125 0.346875 0.2515625 0.278125
11 0.228125 0.22734375 0.25 0.25
11 0.35078125 0.1171875 0.2640625 0.234375
11 0.45390625 0.05625 0.2296875 0.1125
11 0.140625 0.6296875 0.28125 0.321875
11 0.26484375 0.51640625 0.2796875 0.2796875
11 0.3765625 0.384375 0.284375 0.2875
11 0.47734375 0.24375 0.3 0.3
11 0.60625 0.13359375 0.29375 0.2671875
11 0.2640625 0.82109375 0.340625 0.3421875
11 0.4140625 0.6828125 0.328125 0.3296875
11 0.559375 0.56328125 0.3109375 0.3125
11 0.640625 0.38671875 0.2828125 0.284375
11 0.7703125 0.28046875 0.2859375 0.2859375
11 0.46875 0.91640625 0.340625 0.1671875
11 0.64140625 0.8390625 0.3546875 0.321875
11 0.80390625 0.6984375 0.3 0.3015625
11 0.8421875 0.503125 0.315625 0.334375