11 0.26484375 0.6 0.2453125 0.259375
11 0.2984375 0.3296875 0.2234375 0.234375
11 0.428125 0.35625 0.2171875 0.2328125
11 0.39765625 0.48984375 0.21875 0.2296875
11 0.228125 0.46875 0.2234375 0.2328125
11 0.4109375 0.74296875 0.2671875 0.2828125
11 0.5375 0.6 0.2671875 0.284375
11 0.58828125 0.45234375 0.2546875 0.271875
11 0.60625 0.27890625 0.253125 0.26875
11 0.428125 0.2125 0.2234375 0.2359375
11 0.753125 0.40546875 0.25 0.265625
11 0.8 0.5828125 0.3015625 0.31875
11 0.7203125 0.7359375 0.265625 0.2796875
11 0.59375 0.81484375 0.275 0.290625