11 0.7234375 0.62421875 0.16875 0.25625
11 0.48984375 0.7640625 0.1578125 0.2265625
11 0.43046875 0.6453125 0.1453125 0.234375
11 0.5546875 0.58671875 0.1546875 0.2234375
11 0.64296875 0.73359375 0.159375 0.2234375
11 0.74609375 0.4203125 0.1859375 0.278125
11 0.55625 0.40859375 0.1828125 0.28125
11 0.4078125 0.459375 0.1703125 0.2734375
11 0.26015625 0.55234375 0.1734375 0.2671875
11 0.31796875 0.73359375 0.15625 0.2296875
11 0.26953125 0.359375 0.171875 0.2640625
11 0.38046875 0.2125 0.2078125 0.3140625
11 0.55 0.18046875 0.1859375 0.2734375
11 0.690625 0.23203125 0.1890625 0.2875