11 0.09921875 0.42578125 0.1984375 0.3328125
11 0.16484375 0.32578125 0.2734375 0.3609375
11 0.28515625 0.21171875 0.26875 0.3375
11 0.428125 0.18125 0.2578125 0.34375
11 0.5609375 0.14609375 0.225 0.2796875
11 0.70859375 0.18046875 0.3265625 0.3609375
11 0.80859375 0.3828125 0.2890625 0.3765625
11 0.71328125 0.53984375 0.2734375 0.34375
11 0.5640625 0.6328125 0.24375 0.325
11 0.38984375 0.678125 0.25 0.3859375
11 0.21484375 0.60546875 0.21875 0.29375
11 0.33359375 0.378125 0.278125 0.3625
11 0.503125 0.3859375 0.2140625 0.2890625