11 0.82890625 0.7921875 0.1984375 0.3125
11 0.69140625 0.825 0.1984375 0.3453125
11 0.52890625 0.85 0.2015625 0.3
11 0.3921875 0.80859375 0.1859375 0.3296875
11 0.2609375 0.76796875 0.1703125 0.2609375
11 0.14140625 0.67890625 0.2453125 0.38125
11 0.17578125 0.4359375 0.2109375 0.3578125
11 0.33984375 0.353125 0.2046875 0.3234375
11 0.515625 0.353125 0.175 0.3109375
11 0.68828125 0.40703125 0.1578125 0.3859375
11 0.79765625 0.56171875 0.1578125 0.28125
11 0.5765625 0.69140625 0.203125 0.3453125
11 0.43671875 0.5953125 0.1515625 0.278125