11 0.24453125 0.51796875 0.1984375 0.2640625
11 0.36484375 0.2734375 0.184375 0.2359375
11 0.47890625 0.340625 0.1734375 0.240625
11 0.40625 0.45703125 0.18125 0.23125
11 0.253125 0.38203125 0.184375 0.2328125
11 0.33671875 0.70078125 0.21875 0.2859375
11 0.50234375 0.60703125 0.215625 0.290625
11 0.59921875 0.48359375 0.203125 0.28125
11 0.67265625 0.32578125 0.2046875 0.275
11 0.52578125 0.2046875 0.1828125 0.2375
11 0.7703125 0.49296875 0.2015625 0.2703125
11 0.75703125 0.67578125 0.24375 0.3234375
11 0.63203125 0.7953125 0.2171875 0.2828125
11 0.4859375 0.828125 0.2234375 0.2953125