11 0.353125 0.125 0.303125 0.25
11 0.48984375 0.14921875 0.3203125 0.2984375
11 0.6484375 0.17265625 0.3078125 0.334375
11 0.74375 0.2828125 0.303125 0.3359375
11 0.8390625 0.38125 0.25625 0.278125
11 0.85703125 0.51640625 0.2859375 0.4046875
11 0.75234375 0.71328125 0.3359375 0.3703125
11 0.56875 0.70625 0.3140625 0.340625
11 0.41484375 0.62109375 0.2859375 0.3171875
11 0.290625 0.48984375 0.3109375 0.3640625
11 0.26953125 0.30234375 0.2578125 0.2859375
11 0.52578125 0.2953125 0.3234375 0.35625
11 0.6015625 0.446875 0.2515625 0.28125