11 0.0578125 0.4296875 0.115625 0.2875
11 0.13125 0.3203125 0.2625 0.278125
11 0.24765625 0.20859375 0.2484375 0.25
11 0.37890625 0.11328125 0.2609375 0.2265625
11 0.48984375 0.0546875 0.2296875 0.109375
11 0.13515625 0.6015625 0.2703125 0.325
11 0.2640625 0.5 0.2765625 0.28125
11 0.38515625 0.3765625 0.278125 0.2921875
11 0.4953125 0.24296875 0.296875 0.3015625
11 0.6328125 0.13828125 0.290625 0.2765625
11 0.2421875 0.80390625 0.3375 0.34375
11 0.4015625 0.6765625 0.3234375 0.3328125
11 0.55546875 0.5671875 0.30625 0.315625
11 0.6484375 0.396875 0.28125 0.284375
11 0.78515625 0.3 0.2828125 0.2875
11 0.434375 0.91484375 0.3375 0.1703125
11 0.6171875 0.84296875 0.35 0.3140625
11 0.7890625 0.71953125 0.296875 0.303125
11 0.84140625 0.52734375 0.3171875 0.3328125